8.300000000000000000e+01
1.050000000000000000e+02
1.090000000000000000e+02
1.120000000000000000e+02
1.080000000000000000e+02
1.010000000000000000e+02
6.700000000000000000e+01
1.110000000000000000e+02
1.100000000000000000e+02
1.010000000000000000e+02
6.600000000000000000e+01
1.010000000000000000e+02
9.700000000000000000e+01
1.090000000000000000e+02
6.700000000000000000e+01
8.400000000000000000e+01
7.300000000000000000e+01
1.090000000000000000e+02
9.700000000000000000e+01
1.030000000000000000e+02
1.010000000000000000e+02
8.300000000000000000e+01
1.010000000000000000e+02
1.130000000000000000e+02
1.170000000000000000e+02
1.010000000000000000e+02
1.100000000000000000e+02
9.900000000000000000e+01
1.010000000000000000e+02
